mu(1) = 0.0
mu(2) = 0.6931477614102732
mu(3) = 1.0986123122336267
mu(4) = 1.3862933023744972
mu(5) = 1.6094370280939074
mu(6) = 1.7917600736438999
mu(7) = 1.9459100997210044
mu(8) = 2.0794410637847704
mu(9) = 2.1972246244672533
mu(10) = 2.3025847895041807
