mu_inv(0) = 1.0
mu_inv(1) = 2.718279079870738
mu_inv(2) = 7.389057515298066
